S1=Date
S2=SHH Code
S3=SHZ Code
S4=Inter-Bank Code
S5=Calculation Price
S6=Yield To Maturity(%)
S7=Modified Duration
S8=Convexity
S9=Clean Price
S10=Accrued Interest
S11=Reserve
==========
20180302|          |          |010011    |102.3789  |3.5517    |3.3317    |6.6461    |100.9971  |1.3818    |          |
20180302|150145    |          |          |100.6036  |7.4503    |2.5407    |4.5405    |100.0899  |0.5137    |          |
20180302|150148    |          |          |101.0416  |7.3497    |3.9975    |10.5328   |100.5690  |0.4726    |          |
20180302|150149    |          |          |100.4676  |5.9355    |2.6183    |4.7755    |100.0908  |0.3768    |          |
20180302|150150    |          |          |100.5461  |6.7592    |4.0705    |10.8367   |100.1362  |0.4099    |          |
20180302|150156    |          |          |100.5388  |7.1918    |1.7564    |2.3893    |100.1588  |0.3800    |          |
20180302|          |          |YHE113    |47.7100   |4.8056    |0.3843    |0.2572    |47.1100   |1.6273    |          |
